corrMagN =

  1.0e+005 *

    0.6617    3.3734    0.7747

 1.0e+005 *

    4.6274    3.2488    2.7716

============================================

  1.0e+005 *

    2.7993    3.3734    2.2016

  1.0e+005 *

    4.0536    3.5035    2.7716